828132 215818993
922645 87417409
318002 80496715
374819 80242795
100865 74054897
122739 68326306
17600 67434075
672464 62505211
598160 59291141
996491 58737200
858328 57888207
630051 57568131
672402 56350608
611999 54803499
72471 53385343
919456 53153164
902111 51563002
767853 48001243
732595 47296238
454765 47156603
160169 47144890
944315 46554824
757375 45218186
669991 44880249
720573 44532335
828457 44504800
639826 44467511
33163 44044627
490360 43105233
393766 43062775
537810 42091869
901959 42053046
967221 41825883
26066 41681144
423748 41650037
945061 41111333
912413 40945491
999034 40800170
491627 40225303
691735 39884976
947721 39835407
100323 39820294
80336 39729526
28359 39652264
580968 39605949
272235 39595468
427243 39554226
169138 39272340
968163 39109631
779447 39020607
847966 38967691
405073 38855149
572744 38789389
699812 38083178
672526 37955433
675897 37505887
353103 37256606
207690 37101917
254955 36529749
767500 36485522
396386 36446336
500683 36283890
443285 36189188
675856 35770956
105616 35703989
596657 35568291
280530 35564126
29906 35404664
631655 35038376
458662 34985832
430179 34881003
284852 34780455
483837 34698784
858234 34672162
618426 34660598
624733 34550978
589967 34497031
373456 34436112
526471 34418115
65035 34403045
484225 34346375
675378 34240591
14174 34162094
84210 34047747
499237 33948068
672844 33902947
240114 33856555
294374 33832129
385299 33817404
240668 33809789
989101 33762372
885123 33748384
925466 33649625
941723 33623571
728504 33603137
925948 33594965
954561 33234327
219329 33196271
414770 33185186
438345 33174712
943165 32904491
795524 32904380
209987 32772856
484608 32738923
544271 32632435
560572 32619072
638391 32612659
334143 32533856
962091 32490117
521666 32478817
729286 32324340
2261 32233886
235202 32233281
202526 32126034
742098 31990711
812563 31928771
497885 31923558
618815 31908523
952190 31718956
897367 31711034
191479 31651426
977356 31651137
623732 31598742
897814 31563840
142884 31360054
626389 31271145
107809 31248086
782503 31167147
7943 31039096
867744 30996790
181477 30990342
432858 30922146
732630 30706137
679823 30701827
886073 30664384
473585 30593732
74965 30567878
306910 30535587
701689 30494331
477591 30328598
876370 30284559
967573 30172640
543655 30110211
73196 30065647
648726 30052788
214902 29971226
755915 29937040
981073 29905080
582238 29894313
395014 29885605
